1 59513U 24073C   25130.25002315 -.00627747  00000+0 -21977-1 0  9999
2 59513  42.9993 191.4903 0001351 277.2729  28.8088 15.31072211 61334
1 59513U 24073C   25130.58335648 -.00574605  00000+0 -20288-1 0  9991
2 59513  42.9994 189.5998 0001444 289.5385  55.7276 15.30607053  5955
1 59513U 24073C   25130.91668981 -.00632271  00000+0 -22754-1 0  9991
2 59513  42.9994 187.7063 0001455 281.6974 102.2197 15.30206455  5958
1 59513U 24073C   25131.58335648 -.00559336  00000+0 -20764-1 0  9995
2 59513  42.9992 183.9314 0001395 292.9277 166.7425 15.29303044 61543
1 59513U 24073C   25131.91667824 -.00551265  00000+0 -20715-1 0  9995
2 59513  42.9995 182.0418 0001353 282.1471 214.5514 15.28875156  5964
1 59513U 24073C   25132.25002315 -.00035475  00000+0 -12529-2 0  9996
2 59513  42.9993 180.1580 0001161 283.2429 250.0861 15.28424451 61648
1 59513U 24073C   25132.58335648  .00064645  00000+0  22819-2 0  9992
2 59513  42.9996 178.2737 0001267 292.9518 276.6318 15.28378276  5963
1 59513U 24073C   25132.91668981 -.00001514  00000+0 -44274-4 0  9997
2 59513  43.0000 176.3862 0001229 280.9615 324.8625 15.28415851  6017
1 59513U 24073C   25132.91668981 -.00001514  00000+0 -44274-4 0  9997
2 59513  43.0000 176.3862 0001229 280.9615 324.8625 15.28415851 61748
1 59513U 24073C   25133.58334491  .00057123  00000+0  20196-2 0  9997
2 59513  42.9997 172.6191 0001218 286.5810  31.6072 15.28377038  5967
1 59513U 24073C   25133.58334491  .00057123  00000+0  20196-2 0  9997
2 59513  42.9997 172.6191 0001218 286.5810  31.6072 15.28377038 61846
1 59513U 24073C   25133.91667824  .00009093  00000+0  33120-3 0  9998
2 59513  42.9998 170.7317 0001200 273.4026  81.0205 15.28400544  5867
1 59513U 24073C   25134.25002315 -.00023163  00000+0 -81351-3 0  9999
2 59513  42.9995 168.8491 0001057 276.3354 114.3861 15.28422745 61958
1 59513U 24073C   25134.58335648  .00054341  00000+0  19213-2 0  9990
2 59513  42.9997 166.9641 0001206 285.7816 141.1947 15.28395933  5969
1 59513U 24073C   25134.75002315 -.00033177  00000+0 -11701-2 0  9991
2 59513  42.9999 166.0198 0001209 278.9351 346.1589 15.28443078 62023
1 59513U 24073C   25134.91668981  .00016300  00000+0  58546-3 0  9992
2 59513  42.9999 165.0769 0001200 271.7558 191.4827 15.28416854  5853
1 59513U 24073C   25135.25002315 -.00044443  00000+0 -15728-2 0  9998
2 59513  42.9996 163.1944 0001065 274.9308 224.5649 15.28448035 62108
1 59513U 24073C   25135.58335648  .00042138  00000+0  14940-2 0  9994
2 59513  43.0000 161.3090 0001246 282.1052 253.6680 15.28404413  5967
1 59513U 24073C   25135.91668981  .00019630  00000+0  70287-3 0  9998
2 59513  43.0000 159.4220 0001265 268.8012 303.2369 15.28415038 62209
1 59513U 24073C   25136.41668981 -.00027146  00000+0 -95550-3 0  9997
2 59513  43.0002 156.5975 0001135 275.1872 171.2503 15.28423585  5720
1 59513U 24073C   25136.41668981 -.00027146  00000+0 -95550-3 0  9997
2 59513  43.0002 156.5975 0001135 275.1872 171.2503 15.28423585 62284
1 59513U 24073C   25136.91668981  .00030669  00000+0  10920-2 0  9991
2 59513  43.0003 153.7673 0001279 259.9413  60.8822 15.28392953  5805
1 59513U 24073C   25137.25002315 -.00053386  00000+0 -18942-2 0  9997
2 59513  43.0002 151.8851 0001148 266.7933  90.2670 15.28434711 62405
1 59513U 24073C   25137.58335648 -.00047486  00000+0 -16833-2 0  9992
2 59513  43.0006 149.9993 0001308 274.7642 118.5449 15.28418360  5900
1 59513U 24073C   25137.91668981 -.00499046  00000+0 -18837-1 0  9996
2 59513  43.0006 148.1128 0001324 270.7817 158.7731 15.28502381  5962
1 59513U 24073C   25138.25001157 -.00602366  00000+0 -23036-1 0  9998
2 59513  43.0005 146.2311 0001213 279.2367 186.4114 15.28135545 62561
1 59513U 24073C   25138.58334491 -.00058290  00000+0 -21233-2 0  9993
2 59513  43.0009 144.3463 0001231 281.0334 220.2852 15.27612082  5969
1 59513U 24073C   25138.58334491 -.00058290  00000+0 -21233-2 0  9993
2 59513  43.0009 144.3463 0001231 281.0334 220.2852 15.27612082 62614
1 59513U 24073C   25138.91668981  .00027503  00000+0  10059-2 0  9999
2 59513  43.0008 142.4625 0001547 277.7748 258.8752 15.27558009  5951
1 59513U 24073C   25139.25002315 -.00044474  00000+0 -16156-2 0  9992
2 59513  43.0008 140.5829 0001433 282.6422 289.2433 15.27594785 62716
1 59513U 24073C   25139.58334491 -.00001273  00000+0 -36733-4 0  9996
2 59513  43.0012 138.6990 0001593 284.1452 322.9083 15.27579316  5902
1 59513U 24073C   25139.91667824  .00037763  00000+0  13757-2 0  9992
2 59513  43.0011 136.8155 0001504 274.5474   7.7551 15.27557781 62816
1 59513U 24073C   25140.50002315  .00034465  00000+0  12567-2 0  9991
2 59513  43.0013 133.5231 0001577 284.0802 329.9504 15.27564616 62900
1 59513U 24073C   25140.58334491 -.00009519  00000+0 -33673-3 0  9998
2 59513  43.0014 133.0516 0001589 282.0689  70.7029 15.27587549  5962
1 59513U 24073C   25140.91668981  .00037753  00000+0  13750-2 0  9991
2 59513  43.0012 131.1683 0001481 272.5464 115.5510 15.27566062  5915
1 59513U 24073C   25141.25002315 -.00053107  00000+0 -19330-2 0  9995
2 59513  43.0012 129.2885 0001391 279.6641 143.6791 15.27599738 63027
1 59513U 24073C   25141.58335648 -.00010362  00000+0 -36762-3 0  9994
2 59513  43.0014 127.4039 0001516 275.7791 182.8202 15.27573384  5894
1 59513U 24073C   25141.91668981  .00030580  00000+0  11170-2 0  9997
2 59513  43.0013 125.5210 0001440 264.4263 229.4123 15.27555944 63120
1 59513U 24073C   25142.58335648 -.00023660  00000+0 -85269-3 0  9996
2 59513  43.0015 121.7563 0001537 270.9603 293.3403 15.27591031  5751
1 59513U 24073C   25142.58335648 -.00023660  00000+0 -85269-3 0  9996
2 59513  43.0015 121.7563 0001537 270.9603 293.3403 15.27591031 63227
1 59513U 24073C   25143.58335648 -.00030330  00000+0 -10968-2 0  9992
2 59513  43.0016 116.1085 0001572 272.8525  37.1784 15.27589385  5915
1 59513U 24073C   25143.58335648 -.00030330  00000+0 -10968-2 0  9992
2 59513  43.0016 116.1085 0001572 272.8525  37.1784 15.27589385 63379
1 59513U 24073C   25143.91668981  .00029839  00000+0  10899-2 0  9991
2 59513  43.0015 114.2260 0001468 264.5144  80.7667 15.27566345  5765
1 59513U 24073C   25144.25002315 -.00015586  00000+0 -55810-3 0  9991
2 59513  43.0016 112.3456 0001388 274.9453 105.5817 15.27576169 63471
1 59513U 24073C   25144.58335648 -.00026078  00000+0 -94121-3 0  9991
2 59513  43.0019 110.4605 0001516 270.6568 145.1037 15.27588029  5863
1 59513U 24073C   25144.91668981  .00016416  00000+0  60487-3 0  9998
2 59513  43.0018 108.5784 0001408 262.4498 188.5553 15.27571973 63586
1 59513U 24073C   25145.58335648 -.00030864  00000+0 -11162-2 0  9993
2 59513  43.0024 104.8128 0001548 265.8553 255.6339 15.27594043  5967
1 59513U 24073C   25145.58335648 -.00030864  00000+0 -11162-2 0  9993
2 59513  43.0024 104.8128 0001548 265.8553 255.6339 15.27594043 63680
1 59513U 24073C   25145.83335648  .00032824  00000+0  11976-2 0  9990
2 59513  43.0023 103.4009 0001512 259.2902 198.6430 15.27564115  5904
1 59513U 24073C   25146.25002315  .00005010  00000+0  19158-3 0  9997
2 59513  43.0028 101.0504 0001461 273.5503 318.4463 15.27562082 63781
1 59513U 24073C   25146.58335648 -.00034523  00000+0 -12506-2 0  9993
2 59513  43.0031  99.1654 0001588 268.2172 359.0040 15.27585958  5809
1 59513U 24073C   25146.91668981  .00002893  00000+0  11465-3 0  9996
2 59513  43.0030  97.2840 0001478 262.7460  39.7118 15.27574224  5858
1 59513U 24073C   25147.58335648 -.00024942  00000+0 -89961-3 0  9998
2 59513  43.0037  93.5182 0001573 267.1287 105.8086 15.27590003 63985
1 59513U 24073C   25147.90794849 -.00000016  00000+0  89383-5 0  9991
2 59513  43.0045  91.6862 0001408 269.8389  90.2301 15.27578424 62920
1 59513U 24073C   25148.10410527  .00000284  00000+0  19857-4 0  9996
2 59513  43.0046  90.5781 0001396 266.8497  93.2195 15.27580592 64062
1 59513U 24073C   25148.23487702  .00000401  00000+0  24082-4 0  9996
2 59513  43.0047  89.8397 0001392 267.3699  92.6993 15.27581519 62970
1 59513U 24073C   25149.21567813  .00000474  00000+0  26752-4 0  9993
2 59513  43.0048  84.3005 0001381 267.1097  92.9596 15.27574875 64235
1 59513U 24073C   25149.54260837  .00000275  00000+0  19516-4 0  9994
2 59513  43.0061  82.4529 0001352 263.1762  96.8936 15.27578431 63178
1 59513U 24073C   25150.52340290  .00000198  00000+0  16717-4 0  9990
2 59513  43.0063  76.9144 0001363 265.4881  94.5815 15.27577988 63324
1 59513U 24073C   25150.52340290  .00000198  00000+0  16717-4 0  9990
2 59513  43.0063  76.9144 0001363 265.4881  94.5815 15.27577988 64437
